image: map.png
resolution: 0.05
origin: [-72.26206054687501, -77.35044021606446, 0]
occupied_thresh: 0.51
free_thresh: 0.49
negate: 0
