image: map_edit.png
resolution: 0.050000
origin: [-6.465357971191409, -39.95995483398438, 0.000000]
negate: 0
occupied_thresh: 0.65
free_thresh: 0.196

